1

1 1 1 0 0
1 0 0 1 0
1 0 0 0 1
1 0 0 0 1
1 0 0 1 0
1 1 1 0 0

0 0 1 1

2

0 1 1 1 1
0 1 0 0 0
0 1 1 1 1
0 1 0 0 0
0 1 0 0 0
0 1 0 0 0

0 1 0 0

3

0 0 1 1 0
0 0 0 1 0
0 0 0 1 0
0 0 0 1 0
1 0 0 1 0
0 1 1 0 0

0 1 0 1

4

1 0 0 0 1
1 1 0 0 1
1 1 1 0 1
1 0 0 1 1
1 0 0 0 1
1 0 0 0 1

0 1 1 0

5

0 1 1 1 0
1 0 0 0 1
1 0 0 0 1
1 0 0 0 1
1 0 0 1 0
0 1 1 0 1

0 1 1 1

6

0 0 1 0 0
0 1 0 1 0
1 0 0 0 1
1 1 1 1 1
1 0 0 0 1
1 0 0 0 1

1 0 1 1

7

1 1 1 1 1
1 0 0 0 0
1 1 1 1 1
1 0 0 0 0
1 1 1 1 1
0 0 0 0 0

1 1 0 0

8

1 0 0 0 1
1 0 0 0 1
0 1 0 0 1
0 0 1 1 1
0 0 0 1 0
0 1 1 0 0

1 1 0 1

9

0 0 1 1 1
0 1 0 0 1
0 1 0 0 1
0 0 1 1 1
0 1 0 0 1
1 0 0 0 1

1 1 1 0

10

1 0 0 1 0
1 0 0 1 0
1 0 0 1 0
0 1 1 1 0
0 0 0 1 0
0 0 0 1 0

1 1 1 1
